{
 "cells": [
  {
   "cell_type": "markdown",
   "metadata": {
    "colab_type": "text",
    "id": "BHdMfFcnf_Ki"
   },
   "source": [
    "## Logistic Regression Modeling for Early Stage Diabetes Risk Prediction"
   ]
  },
  {
   "cell_type": "markdown",
   "metadata": {},
   "source": [
    "## Part 2.1: Getting familiar with linear algebraic functions"
   ]
  },
  {
   "cell_type": "markdown",
   "metadata": {},
   "source": [
    "#### Tasks\n",
    "- Create matrix of size 10*10 with random integer numbers\n",
    "- Compute the following linear algebric operations on the matrix using built in functions supported in Numpy, Scipy etc.\n",
    "  - Find inverse of the matrix and print it\n",
    "  - Calculate dot product of the matrix with same matrix in transpose A.AT\n",
    "  - Decompose the original matrix using eigen decomposition print the eigen values and eigen vectors\n",
    "  - Calculate jacobian matrix \n",
    "  - Calculate hessian matrix"
   ]
  },
  {
   "cell_type": "code",
   "execution_count": 1,
   "metadata": {},
   "outputs": [],
   "source": [
    "import numpy as np\n",
    "import pandas as pd\n",
    "import matplotlib.pyplot as plt\n",
    "from sklearn.model_selection import train_test_split\n",
    "from sklearn.linear_model import LogisticRegression\n",
    "from sklearn.metrics import accuracy_score"
   ]
  },
  {
   "cell_type": "code",
   "execution_count": 2,
   "metadata": {},
   "outputs": [
    {
     "name": "stdout",
     "output_type": "stream",
     "text": [
      "[[-1.35590429  0.02953479  0.06968355 -1.470385   -0.35676455 -1.07727124\n",
      "   1.03857476 -1.66458255  2.64631575  0.20940638]\n",
      " [-0.46853732  0.94918764 -0.68219478 -0.80368534 -1.06894751  1.28953775\n",
      "  -0.2432069   0.02039012  0.27553714  0.13191232]\n",
      " [ 0.03877342  0.71651487 -1.19668935 -0.33831125  0.90517736  0.09604976\n",
      "  -0.07090145 -0.22444493  1.72852822 -1.97041863]\n",
      " [-0.68322704  0.27842696  0.97966739  2.22886606  0.07252684  1.11666324\n",
      "  -0.44635991  0.27725707  1.64099361  0.68326517]\n",
      " [-0.11891448  1.22145747  1.19029981 -2.11648935  0.34148235 -0.61240625\n",
      "   0.71777906 -0.60528111  0.33835995  1.84092284]\n",
      " [-0.28652256  0.76672991 -1.66549431  0.25557745  0.04885545  1.01047247\n",
      "   1.46539276  1.09980106 -1.03670144  2.26629357]\n",
      " [-0.67705638  1.20086983  1.2917641   0.97790034  1.20688518 -0.73275301\n",
      "  -1.06959129  0.32640495 -0.37605509  1.25481758]\n",
      " [-0.16863274 -0.1841613  -0.18244368 -0.41680261 -1.71881626  0.08043349\n",
      "  -0.54121281  0.20993064 -0.95994635 -0.24397324]\n",
      " [ 2.09734181  0.27509121  0.88733929  0.03521326 -1.00829311  0.29518699\n",
      "   1.48679455 -1.58044697 -2.30417862 -0.26359151]\n",
      " [-0.16732729  1.14537513 -1.41534955  1.07305288 -0.5272702   1.01754013\n",
      "  -0.89381434 -0.81721427  0.00662668  0.06850598]]\n"
     ]
    }
   ],
   "source": [
    "mat = np.random.randn(10, 10)\n",
    "mat.shape\n",
    "print(mat)"
   ]
  },
  {
   "cell_type": "code",
   "execution_count": 3,
   "metadata": {},
   "outputs": [
    {
     "data": {
      "text/plain": [
       "array([[-0.59521063, -1.37423788,  0.49165748,  0.51333876,  1.13073357,\n",
       "         0.00484049, -0.83488061,  0.8158491 , -0.15167678,  0.55569845],\n",
       "       [-0.02468385, -0.17417291,  0.58280058,  0.19209337,  0.22708191,\n",
       "         0.20031459,  0.29030996,  0.58642584,  0.17629397, -0.0219142 ],\n",
       "       [ 0.04676621,  0.42247429, -0.10221447,  0.0846007 , -0.14682889,\n",
       "        -0.14569079,  0.24145698, -0.16651478,  0.1606853 , -0.37235128],\n",
       "       [ 0.05640582, -0.38774426,  0.15834678,  0.24238444, -0.08655092,\n",
       "         0.1431052 ,  0.08829464,  0.28674682,  0.0991086 ,  0.08812883],\n",
       "       [ 0.03296805,  0.60549476, -0.32087713, -0.38824392, -0.37911907,\n",
       "        -0.12995945,  0.23415889, -1.01698768, -0.01901896, -0.12067801],\n",
       "       [-0.00331735,  1.14381769, -0.50411398, -0.19151404, -0.45263193,\n",
       "        -0.19975492,  0.04168301, -1.02798439,  0.06272209, -0.19353326],\n",
       "       [ 0.28030864,  0.21956307,  0.16304956,  0.03054997, -0.34272012,\n",
       "         0.28922658,  0.22685861, -0.043804  ,  0.29175594, -0.44170119],\n",
       "       [-0.26654613, -0.46034838,  0.48974092,  0.33091505,  0.3311355 ,\n",
       "         0.242902  , -0.1063848 ,  0.75812462, -0.11797985, -0.25240148],\n",
       "       [-0.1584221 , -0.71533126,  0.34600477,  0.44710312,  0.59942354,\n",
       "         0.02030661, -0.46657209,  0.50407186, -0.17779984,  0.23184843],\n",
       "       [-0.16249094, -0.52945338, -0.18111636,  0.152692  ,  0.51308522,\n",
       "         0.04714818, -0.36840444,  0.12131025, -0.2121949 ,  0.39713314]])"
      ]
     },
     "execution_count": 3,
     "metadata": {},
     "output_type": "execute_result"
    }
   ],
   "source": [
    "#inverse of the matrix \n",
    "\n",
    "mat_inv = np.linalg.inv(mat)\n",
    "mat_inv"
   ]
  },
  {
   "cell_type": "code",
   "execution_count": 4,
   "metadata": {},
   "outputs": [
    {
     "data": {
      "text/plain": [
       "array([[16.19034151,  1.25994754,  4.41782436,  0.05733696,  6.9641253 ,\n",
       "        -3.76434799, -2.4221565 , -2.15302586, -4.76173749, -1.85986514],\n",
       "       [ 1.25994754,  5.19022752,  1.13550248,  0.14371472,  1.09849623,\n",
       "         2.72295696, -2.11639533,  2.143917  , -0.96022311,  3.35608417],\n",
       "       [ 4.41782436,  1.13550248,  9.8157504 , -0.12089314, -2.54508785,\n",
       "        -4.02210103, -3.14038347, -2.51457335, -4.89383064,  1.88862106],\n",
       "       [ 0.05733696,  0.14371472, -0.12089314, 11.15992976, -2.4641473 ,\n",
       "        -0.02274946,  4.31952892, -2.52081932, -5.21516953,  2.76642014],\n",
       "       [ 6.9641253 ,  1.09849623, -2.54508785, -2.4641473 , 12.27914778,\n",
       "         2.05253155,  3.09355   , -1.4655817 ,  1.30210186, -3.35863247],\n",
       "       [-3.76434799,  2.72295696, -4.02210103, -0.02274946,  2.05253155,\n",
       "        14.10037728,  0.55702547, -0.01819365,  0.62207406,  2.49990001],\n",
       "       [-2.4221565 , -2.11639533, -3.14038347,  4.31952892,  3.09355   ,\n",
       "         0.55702547,  9.48548636, -2.18134755, -2.91258437,  0.10056106],\n",
       "       [-2.15302586,  2.143917  , -2.51457335, -2.52081932, -1.4655817 ,\n",
       "        -0.01819365, -2.18134755,  4.54816351,  2.31564608,  0.90548889],\n",
       "       [-4.76173749, -0.96022311, -4.89383064, -5.21516953,  1.30210186,\n",
       "         0.62207406, -2.91258437,  2.31564608, 16.45400942, -0.49264307],\n",
       "       [-1.85986514,  3.35608417,  1.88862106,  2.76642014, -3.35863247,\n",
       "         2.49990001,  0.10056106,  0.90548889, -0.49264307,  7.27942144]])"
      ]
     },
     "execution_count": 4,
     "metadata": {},
     "output_type": "execute_result"
    }
   ],
   "source": [
    "mat_dot = np.dot(mat, mat.T)\n",
    "mat_dot"
   ]
  },
  {
   "cell_type": "code",
   "execution_count": 5,
   "metadata": {},
   "outputs": [
    {
     "name": "stdout",
     "output_type": "stream",
     "text": [
      "[-4.57532556+0.j          4.01896632+0.j         -2.63107973+0.j\n",
      " -1.01645421+2.31140452j -1.01645421-2.31140452j  2.07424542+1.28028453j\n",
      "  2.07424542-1.28028453j -0.52965048+0.870487j   -0.52965048-0.870487j\n",
      "  1.01323911+0.j        ]\n",
      "\n",
      "=======================================================\n",
      "\n",
      "[[ 0.63063103+0.j          0.21546761+0.j          0.58473046+0.j\n",
      "  -0.10211166-0.01530608j -0.10211166+0.01530608j -0.25255892+0.05963478j\n",
      "  -0.25255892-0.05963478j  0.62804124+0.j          0.62804124-0.j\n",
      "   0.42069038+0.j        ]\n",
      " [ 0.14191887+0.j         -0.24590119+0.j          0.23757235+0.j\n",
      "  -0.14165799+0.27200046j -0.14165799-0.27200046j  0.28073081-0.22550863j\n",
      "   0.28073081+0.22550863j  0.13744039+0.09410402j  0.13744039-0.09410402j\n",
      "  -0.39981681+0.j        ]\n",
      " [ 0.29406619+0.j          0.1817327 +0.j         -0.49109119+0.j\n",
      "  -0.24208944+0.05479684j -0.24208944-0.05479684j -0.04042206-0.14441471j\n",
      "  -0.04042206+0.14441471j -0.15280374-0.04771561j -0.15280374+0.04771561j\n",
      "  -0.27448098+0.j        ]\n",
      " [ 0.16348751+0.j         -0.51279158+0.j          0.22222353+0.j\n",
      "   0.08462249+0.1917779j   0.08462249-0.1917779j  -0.42782872+0.j\n",
      "  -0.42782872-0.j         -0.00089189+0.08416184j -0.00089189-0.08416184j\n",
      "   0.0274841 +0.j        ]\n",
      " [ 0.04165831+0.j          0.12237479+0.j          0.39052976+0.j\n",
      "   0.22929378-0.00992997j  0.22929378+0.00992997j  0.06526266-0.39548296j\n",
      "   0.06526266+0.39548296j -0.12947641-0.29207749j -0.12947641+0.29207749j\n",
      "   0.16142313+0.j        ]\n",
      " [ 0.02761747+0.j         -0.61297937+0.j         -0.23261968+0.j\n",
      "  -0.0567342 -0.53681198j -0.0567342 +0.53681198j  0.19137555-0.33517527j\n",
      "   0.19137555+0.33517527j -0.29653012-0.23681767j -0.29653012+0.23681767j\n",
      "   0.00879911+0.j        ]\n",
      " [-0.15103072+0.j         -0.12879396+0.j         -0.00135839+0.j\n",
      "   0.57799147+0.j          0.57799147-0.j         -0.05576016-0.20210873j\n",
      "  -0.05576016+0.20210873j -0.10146981+0.03378136j -0.10146981-0.03378136j\n",
      "  -0.26073608+0.j        ]\n",
      " [-0.08225937+0.j          0.02338023+0.j          0.27955774+0.j\n",
      "   0.05529393+0.20100972j  0.05529393-0.20100972j  0.34959593+0.21162624j\n",
      "   0.34959593-0.21162624j  0.35425617-0.070398j    0.35425617+0.070398j\n",
      "  -0.48565998+0.j        ]\n",
      " [-0.66095874+0.j          0.01728198+0.j         -0.00083707+0.j\n",
      "  -0.12756616-0.09867858j -0.12756616+0.09867858j -0.26090185-0.01266636j\n",
      "  -0.26090185+0.01266636j  0.30293098+0.05895434j  0.30293098-0.05895434j\n",
      "   0.1885265 +0.j        ]\n",
      " [-0.00435557+0.j         -0.43470894+0.j         -0.16222002+0.j\n",
      "  -0.01806097+0.20446175j -0.01806097-0.20446175j -0.08354135-0.04079526j\n",
      "  -0.08354135+0.04079526j  0.24824607+0.01622864j  0.24824607-0.01622864j\n",
      "   0.47068559+0.j        ]]\n"
     ]
    }
   ],
   "source": [
    "#eigen values and eigen vectors\n",
    "\n",
    "eig_val, eig_vector = np.linalg.eig(mat)\n",
    "print(eig_val)\n",
    "print(\"\\n=======================================================\\n\")\n",
    "print(eig_vector)"
   ]
  },
  {
   "cell_type": "code",
   "execution_count": 6,
   "metadata": {},
   "outputs": [
    {
     "name": "stdout",
     "output_type": "stream",
     "text": [
      "(10, 10, 10)\n"
     ]
    }
   ],
   "source": [
    "#calculate the jacobian matrix\n",
    "import numdifftools as nd\n",
    "\n",
    "f = lambda x : x ** 2\n",
    "\n",
    "mat_jacobian = nd.Jacobian(f)(mat)\n",
    "print(mat_jacobian.shape)"
   ]
  },
  {
   "cell_type": "code",
   "execution_count": 7,
   "metadata": {},
   "outputs": [
    {
     "name": "stdout",
     "output_type": "stream",
     "text": [
      "<function unary_to_nary.<locals>.nary_operator.<locals>.nary_f at 0x000001ECF56CD1F0>\n"
     ]
    }
   ],
   "source": [
    "#calculate the jacobian matrix\n",
    "from autograd import jacobian\n",
    "\n",
    "mat_jacobian = jacobian(mat)\n",
    "print(mat_jacobian)"
   ]
  },
  {
   "cell_type": "code",
   "execution_count": 8,
   "metadata": {},
   "outputs": [
    {
     "name": "stdout",
     "output_type": "stream",
     "text": [
      "Requirement already satisfied: numdifftools in c:\\users\\vinee\\anaconda3\\lib\\site-packages (0.9.39)\n"
     ]
    }
   ],
   "source": [
    "#installing numdifftools\n",
    "!pip install numdifftools"
   ]
  },
  {
   "cell_type": "code",
   "execution_count": 9,
   "metadata": {},
   "outputs": [
    {
     "name": "stdout",
     "output_type": "stream",
     "text": [
      "Requirement already satisfied: autograd in c:\\users\\vinee\\anaconda3\\lib\\site-packages (1.3)\n",
      "Requirement already satisfied: future>=0.15.2 in c:\\users\\vinee\\anaconda3\\lib\\site-packages (from autograd) (0.18.2)\n",
      "Requirement already satisfied: numpy>=1.12 in c:\\users\\vinee\\anaconda3\\lib\\site-packages (from autograd) (1.18.5)\n"
     ]
    }
   ],
   "source": [
    "#installing autograd\n",
    "!pip install autograd"
   ]
  },
  {
   "cell_type": "code",
   "execution_count": 10,
   "metadata": {},
   "outputs": [
    {
     "name": "stdout",
     "output_type": "stream",
     "text": [
      "[[ 1  2]\n",
      " [ 1 -2]]\n",
      "[[ 3 -1]\n",
      " [ 3 -1]]\n"
     ]
    }
   ],
   "source": [
    "a = np.array([[1, 2], [1,2]])\n",
    "b = np.array([[1, 1], [1, -1]])\n",
    "\n",
    "print(a * b) # elementwise product\n",
    "print(a @ b) # matrix multiplication"
   ]
  },
  {
   "cell_type": "markdown",
   "metadata": {},
   "source": [
    "## Part 2.2: Logistic Regression using newton method"
   ]
  },
  {
   "cell_type": "markdown",
   "metadata": {
    "colab_type": "text",
    "id": "1LWrifqkf_Kj"
   },
   "source": [
    "### Logistic regression\n",
    "Logistic regression uses an equation as the representation, very much like linear regression.\n",
    "\n",
    "Input values (x) are combined linearly using weights or coefficient values (referred to as W) to predict an output value (y). A key difference from linear regression is that the output value being modeled is a binary values (0 or 1) rather than a continuous value.<br>\n",
    "\n",
    "###  $\\hat{y}(w, x) = \\frac{1}{1+exp^{-(w_0 + w_1 * x_1 + ... + w_p * x_p)}}$\n",
    "\n",
    "#### Dataset\n",
    "The dataset is available at <strong>\"data/diabetes_data.csv\"</strong> in the respective challenge's repo.<br>\n",
    "<strong>Original Source:</strong> http://archive.ics.uci.edu/ml/machine-learning-databases/00529/diabetes_data_upload.csv. The dataset just got released in July 2020.<br><br>\n",
    "\n",
    "#### Features (X)\n",
    "\n",
    "1. Age                - Values ranging from 16-90\n",
    "2. Gender             - Binary value (Male/Female)\n",
    "3. Polyuria           - Binary value (Yes/No)\n",
    "4. Polydipsia         - Binary value (Yes/No)\n",
    "5. sudden weight loss - Binary value (Yes/No)\n",
    "6. weakness           - Binary value (Yes/No)\n",
    "7. Polyphagia         - Binary value (Yes/No)\n",
    "8. Genital thrush     - Binary value (Yes/No)\n",
    "9. visual blurring    - Binary value (Yes/No)\n",
    "10. Itching           - Binary value (Yes/No)\n",
    "11. Irritability      - Binary value (Yes/No)\n",
    "12. delayed healing   - Binary value (Yes/No)\n",
    "13. partial paresis   - Binary value (Yes/No)\n",
    "14. muscle stiffness  - Binary value (Yes/No)\n",
    "15. Alopecia          - Binary value (Yes/No)\n",
    "16. Obesity           - Binary value (Yes/No)\n",
    "\n",
    "#### Output/Target target (Y) \n",
    "17. class - Binary class (Positive/Negative)\n",
    "\n",
    "#### Objective\n",
    "To learn logistic regression and practice handling of both numerical and categorical features\n",
    "\n",
    "#### Tasks\n",
    "- Download, load the data and print first 5 and last 5 rows\n",
    "- Transform categorical features into numerical features. Use label encoding or any other suitable preprocessing technique\n",
    "- Since the age feature is in larger range, age column can be normalized into smaller scale (like 0 to 1) using different methods such as scaling, standardizing or any other suitable preprocessing technique (Example - sklearn.preprocessing.MinMaxScaler class)\n",
    "- Define X matrix (independent features) and y vector (target feature)\n",
    "- Split the dataset into 60% for training and rest 40% for testing (sklearn.model_selection.train_test_split function)\n",
    "- Train Logistic Regression Model on the training set (sklearn.linear_model.LogisticRegression class)\n",
    "- Use the trained model to predict on testing set\n",
    "- Print 'Accuracy' obtained on the testing dataset i.e. (sklearn.metrics.accuracy_score function)\n",
    "\n",
    "#### Further fun (will not be evaluated)\n",
    "- Plot loss curve (Loss vs number of iterations)\n",
    "- Preprocess data with different feature scaling methods (i.e. scaling, normalization, standardization, etc) and observe accuracies on both X_train and X_test\n",
    "- Training model on different train-test splits such as 60-40, 50-50, 70-30, 80-20, 90-10, 95-5 etc. and observe accuracies on both X_train and X_test\n",
    "- Shuffling of training samples with different *random seed values* in the train_test_split function. Check the model error for the testing data for each setup.\n",
    "- Print other classification metrics such as:\n",
    "    - classification report (sklearn.metrics.classification_report),\n",
    "    - confusion matrix (sklearn.metrics.confusion_matrix),\n",
    "    - precision, recall and f1 scores (sklearn.metrics.precision_recall_fscore_support)\n",
    "\n",
    "#### Helpful links\n",
    "- Scikit-learn documentation for logistic regression: https://scikit-learn.org/stable/modules/generated/sklearn.linear_model.LogisticRegression.html\n",
    "- How Logistic Regression works: https://machinelearningmastery.com/logistic-regression-for-machine-learning/\n",
    "- Feature Scaling: https://scikit-learn.org/stable/modules/preprocessing.html\n",
    "- Training testing splitting: https://scikit-learn.org/stable/modules/generated/sklearn.model_selection.train_test_split.html\n",
    "- Classification metrics in sklearn: https://scikit-learn.org/stable/modules/classes.html#module-sklearn.metrics\n",
    "- Use slack for doubts: https://join.slack.com/t/deepconnectai/shared_invite/zt-givlfnf6-~cn3SQ43k0BGDrG9_YOn4g"
   ]
  },
  {
   "cell_type": "code",
   "execution_count": 11,
   "metadata": {
    "colab": {},
    "colab_type": "code",
    "id": "XqZrgW_if_Kq"
   },
   "outputs": [
    {
     "data": {
      "text/html": [
       "<div>\n",
       "<style scoped>\n",
       "    .dataframe tbody tr th:only-of-type {\n",
       "        vertical-align: middle;\n",
       "    }\n",
       "\n",
       "    .dataframe tbody tr th {\n",
       "        vertical-align: top;\n",
       "    }\n",
       "\n",
       "    .dataframe thead th {\n",
       "        text-align: right;\n",
       "    }\n",
       "</style>\n",
       "<table border=\"1\" class=\"dataframe\">\n",
       "  <thead>\n",
       "    <tr style=\"text-align: right;\">\n",
       "      <th></th>\n",
       "      <th>Age</th>\n",
       "      <th>Gender</th>\n",
       "      <th>Polyuria</th>\n",
       "      <th>Polydipsia</th>\n",
       "      <th>sudden weight loss</th>\n",
       "      <th>weakness</th>\n",
       "      <th>Polyphagia</th>\n",
       "      <th>Genital thrush</th>\n",
       "      <th>visual blurring</th>\n",
       "      <th>Itching</th>\n",
       "      <th>Irritability</th>\n",
       "      <th>delayed healing</th>\n",
       "      <th>partial paresis</th>\n",
       "      <th>muscle stiffness</th>\n",
       "      <th>Alopecia</th>\n",
       "      <th>Obesity</th>\n",
       "      <th>class</th>\n",
       "    </tr>\n",
       "  </thead>\n",
       "  <tbody>\n",
       "    <tr>\n",
       "      <th>0</th>\n",
       "      <td>40</td>\n",
       "      <td>Male</td>\n",
       "      <td>No</td>\n",
       "      <td>Yes</td>\n",
       "      <td>No</td>\n",
       "      <td>Yes</td>\n",
       "      <td>No</td>\n",
       "      <td>No</td>\n",
       "      <td>No</td>\n",
       "      <td>Yes</td>\n",
       "      <td>No</td>\n",
       "      <td>Yes</td>\n",
       "      <td>No</td>\n",
       "      <td>Yes</td>\n",
       "      <td>Yes</td>\n",
       "      <td>Yes</td>\n",
       "      <td>Positive</td>\n",
       "    </tr>\n",
       "    <tr>\n",
       "      <th>1</th>\n",
       "      <td>58</td>\n",
       "      <td>Male</td>\n",
       "      <td>No</td>\n",
       "      <td>No</td>\n",
       "      <td>No</td>\n",
       "      <td>Yes</td>\n",
       "      <td>No</td>\n",
       "      <td>No</td>\n",
       "      <td>Yes</td>\n",
       "      <td>No</td>\n",
       "      <td>No</td>\n",
       "      <td>No</td>\n",
       "      <td>Yes</td>\n",
       "      <td>No</td>\n",
       "      <td>Yes</td>\n",
       "      <td>No</td>\n",
       "      <td>Positive</td>\n",
       "    </tr>\n",
       "    <tr>\n",
       "      <th>2</th>\n",
       "      <td>41</td>\n",
       "      <td>Male</td>\n",
       "      <td>Yes</td>\n",
       "      <td>No</td>\n",
       "      <td>No</td>\n",
       "      <td>Yes</td>\n",
       "      <td>Yes</td>\n",
       "      <td>No</td>\n",
       "      <td>No</td>\n",
       "      <td>Yes</td>\n",
       "      <td>No</td>\n",
       "      <td>Yes</td>\n",
       "      <td>No</td>\n",
       "      <td>Yes</td>\n",
       "      <td>Yes</td>\n",
       "      <td>No</td>\n",
       "      <td>Positive</td>\n",
       "    </tr>\n",
       "    <tr>\n",
       "      <th>3</th>\n",
       "      <td>45</td>\n",
       "      <td>Male</td>\n",
       "      <td>No</td>\n",
       "      <td>No</td>\n",
       "      <td>Yes</td>\n",
       "      <td>Yes</td>\n",
       "      <td>Yes</td>\n",
       "      <td>Yes</td>\n",
       "      <td>No</td>\n",
       "      <td>Yes</td>\n",
       "      <td>No</td>\n",
       "      <td>Yes</td>\n",
       "      <td>No</td>\n",
       "      <td>No</td>\n",
       "      <td>No</td>\n",
       "      <td>No</td>\n",
       "      <td>Positive</td>\n",
       "    </tr>\n",
       "    <tr>\n",
       "      <th>4</th>\n",
       "      <td>60</td>\n",
       "      <td>Male</td>\n",
       "      <td>Yes</td>\n",
       "      <td>Yes</td>\n",
       "      <td>Yes</td>\n",
       "      <td>Yes</td>\n",
       "      <td>Yes</td>\n",
       "      <td>No</td>\n",
       "      <td>Yes</td>\n",
       "      <td>Yes</td>\n",
       "      <td>Yes</td>\n",
       "      <td>Yes</td>\n",
       "      <td>Yes</td>\n",
       "      <td>Yes</td>\n",
       "      <td>Yes</td>\n",
       "      <td>Yes</td>\n",
       "      <td>Positive</td>\n",
       "    </tr>\n",
       "  </tbody>\n",
       "</table>\n",
       "</div>"
      ],
      "text/plain": [
       "   Age Gender Polyuria Polydipsia sudden weight loss weakness Polyphagia  \\\n",
       "0   40   Male       No        Yes                 No      Yes         No   \n",
       "1   58   Male       No         No                 No      Yes         No   \n",
       "2   41   Male      Yes         No                 No      Yes        Yes   \n",
       "3   45   Male       No         No                Yes      Yes        Yes   \n",
       "4   60   Male      Yes        Yes                Yes      Yes        Yes   \n",
       "\n",
       "  Genital thrush visual blurring Itching Irritability delayed healing  \\\n",
       "0             No              No     Yes           No             Yes   \n",
       "1             No             Yes      No           No              No   \n",
       "2             No              No     Yes           No             Yes   \n",
       "3            Yes              No     Yes           No             Yes   \n",
       "4             No             Yes     Yes          Yes             Yes   \n",
       "\n",
       "  partial paresis muscle stiffness Alopecia Obesity     class  \n",
       "0              No              Yes      Yes     Yes  Positive  \n",
       "1             Yes               No      Yes      No  Positive  \n",
       "2              No              Yes      Yes      No  Positive  \n",
       "3              No               No       No      No  Positive  \n",
       "4             Yes              Yes      Yes     Yes  Positive  "
      ]
     },
     "execution_count": 11,
     "metadata": {},
     "output_type": "execute_result"
    }
   ],
   "source": [
    "# NOTE: DO NOT CHANGE THE VARIABLE NAME(S) IN THIS CELL\n",
    "# Load the data\n",
    "data = pd.read_csv('data/diabetes_data.csv')\n",
    "data.head()"
   ]
  },
  {
   "cell_type": "code",
   "execution_count": 12,
   "metadata": {},
   "outputs": [
    {
     "name": "stdout",
     "output_type": "stream",
     "text": [
      "Orginal Dataframe : \n",
      "Columns :  ['Age', 'Gender', 'Polyuria', 'Polydipsia', 'sudden weight loss', 'weakness', 'Polyphagia', 'Genital thrush', 'visual blurring', 'Itching', 'Irritability', 'delayed healing', 'partial paresis', 'muscle stiffness', 'Alopecia', 'Obesity', 'class']\n",
      "No. of rows :  520\n",
      "No. of columns :  17\n"
     ]
    }
   ],
   "source": [
    "print(\"Orginal Dataframe : \")\n",
    "print(\"Columns : \", list(data.columns))\n",
    "print(\"No. of rows : \", data.shape[0])\n",
    "print(\"No. of columns : \", data.shape[1])"
   ]
  },
  {
   "cell_type": "code",
   "execution_count": 13,
   "metadata": {
    "colab": {},
    "colab_type": "code",
    "id": "hjCRzhp_f_Kw"
   },
   "outputs": [
    {
     "name": "stdout",
     "output_type": "stream",
     "text": [
      "16\n"
     ]
    }
   ],
   "source": [
    "# Handle categorical/binary columns\n",
    "categ = list(data.columns)\n",
    "categ.remove('Age')\n",
    "print(len(categ))"
   ]
  },
  {
   "cell_type": "code",
   "execution_count": 14,
   "metadata": {},
   "outputs": [
    {
     "data": {
      "text/plain": [
       "False"
      ]
     },
     "execution_count": 14,
     "metadata": {},
     "output_type": "execute_result"
    }
   ],
   "source": [
    "# Age is the only numerical variable.\n",
    "'Age' in categ"
   ]
  },
  {
   "cell_type": "code",
   "execution_count": 15,
   "metadata": {},
   "outputs": [
    {
     "data": {
      "text/plain": [
       "array(['Male', 'Female'], dtype=object)"
      ]
     },
     "execution_count": 15,
     "metadata": {},
     "output_type": "execute_result"
    }
   ],
   "source": [
    "data['Gender'].unique()"
   ]
  },
  {
   "cell_type": "code",
   "execution_count": 16,
   "metadata": {},
   "outputs": [
    {
     "data": {
      "text/plain": [
       "Male      328\n",
       "Female    192\n",
       "Name: Gender, dtype: int64"
      ]
     },
     "execution_count": 16,
     "metadata": {},
     "output_type": "execute_result"
    }
   ],
   "source": [
    "data['Gender'].value_counts()"
   ]
  },
  {
   "cell_type": "code",
   "execution_count": 17,
   "metadata": {},
   "outputs": [],
   "source": [
    "# lets label encode remaining variables.\n",
    "from sklearn.preprocessing import LabelEncoder\n",
    "\n",
    "le = LabelEncoder()\n",
    "data[categ] = data[categ].apply(le.fit_transform) "
   ]
  },
  {
   "cell_type": "code",
   "execution_count": 18,
   "metadata": {
    "colab": {},
    "colab_type": "code",
    "id": "3aNK0lA1f_Kz"
   },
   "outputs": [],
   "source": [
    "# Normalize the age feature to [0, 1]\n",
    "from sklearn.preprocessing import MinMaxScaler\n",
    "\n",
    "scaler = MinMaxScaler()\n",
    "data.Age = scaler.fit_transform(pd.DataFrame(data.Age))"
   ]
  },
  {
   "cell_type": "code",
   "execution_count": 19,
   "metadata": {
    "colab": {},
    "colab_type": "code",
    "id": "tqCVUtIUf_K3"
   },
   "outputs": [
    {
     "data": {
      "text/html": [
       "<div>\n",
       "<style scoped>\n",
       "    .dataframe tbody tr th:only-of-type {\n",
       "        vertical-align: middle;\n",
       "    }\n",
       "\n",
       "    .dataframe tbody tr th {\n",
       "        vertical-align: top;\n",
       "    }\n",
       "\n",
       "    .dataframe thead th {\n",
       "        text-align: right;\n",
       "    }\n",
       "</style>\n",
       "<table border=\"1\" class=\"dataframe\">\n",
       "  <thead>\n",
       "    <tr style=\"text-align: right;\">\n",
       "      <th></th>\n",
       "      <th>Age</th>\n",
       "      <th>Gender</th>\n",
       "      <th>Polyuria</th>\n",
       "      <th>Polydipsia</th>\n",
       "      <th>sudden weight loss</th>\n",
       "      <th>weakness</th>\n",
       "      <th>Polyphagia</th>\n",
       "      <th>Genital thrush</th>\n",
       "      <th>visual blurring</th>\n",
       "      <th>Itching</th>\n",
       "      <th>Irritability</th>\n",
       "      <th>delayed healing</th>\n",
       "      <th>partial paresis</th>\n",
       "      <th>muscle stiffness</th>\n",
       "      <th>Alopecia</th>\n",
       "      <th>Obesity</th>\n",
       "      <th>class</th>\n",
       "    </tr>\n",
       "  </thead>\n",
       "  <tbody>\n",
       "    <tr>\n",
       "      <th>0</th>\n",
       "      <td>0.324324</td>\n",
       "      <td>1</td>\n",
       "      <td>0</td>\n",
       "      <td>1</td>\n",
       "      <td>0</td>\n",
       "      <td>1</td>\n",
       "      <td>0</td>\n",
       "      <td>0</td>\n",
       "      <td>0</td>\n",
       "      <td>1</td>\n",
       "      <td>0</td>\n",
       "      <td>1</td>\n",
       "      <td>0</td>\n",
       "      <td>1</td>\n",
       "      <td>1</td>\n",
       "      <td>1</td>\n",
       "      <td>1</td>\n",
       "    </tr>\n",
       "    <tr>\n",
       "      <th>1</th>\n",
       "      <td>0.567568</td>\n",
       "      <td>1</td>\n",
       "      <td>0</td>\n",
       "      <td>0</td>\n",
       "      <td>0</td>\n",
       "      <td>1</td>\n",
       "      <td>0</td>\n",
       "      <td>0</td>\n",
       "      <td>1</td>\n",
       "      <td>0</td>\n",
       "      <td>0</td>\n",
       "      <td>0</td>\n",
       "      <td>1</td>\n",
       "      <td>0</td>\n",
       "      <td>1</td>\n",
       "      <td>0</td>\n",
       "      <td>1</td>\n",
       "    </tr>\n",
       "    <tr>\n",
       "      <th>2</th>\n",
       "      <td>0.337838</td>\n",
       "      <td>1</td>\n",
       "      <td>1</td>\n",
       "      <td>0</td>\n",
       "      <td>0</td>\n",
       "      <td>1</td>\n",
       "      <td>1</td>\n",
       "      <td>0</td>\n",
       "      <td>0</td>\n",
       "      <td>1</td>\n",
       "      <td>0</td>\n",
       "      <td>1</td>\n",
       "      <td>0</td>\n",
       "      <td>1</td>\n",
       "      <td>1</td>\n",
       "      <td>0</td>\n",
       "      <td>1</td>\n",
       "    </tr>\n",
       "    <tr>\n",
       "      <th>3</th>\n",
       "      <td>0.391892</td>\n",
       "      <td>1</td>\n",
       "      <td>0</td>\n",
       "      <td>0</td>\n",
       "      <td>1</td>\n",
       "      <td>1</td>\n",
       "      <td>1</td>\n",
       "      <td>1</td>\n",
       "      <td>0</td>\n",
       "      <td>1</td>\n",
       "      <td>0</td>\n",
       "      <td>1</td>\n",
       "      <td>0</td>\n",
       "      <td>0</td>\n",
       "      <td>0</td>\n",
       "      <td>0</td>\n",
       "      <td>1</td>\n",
       "    </tr>\n",
       "    <tr>\n",
       "      <th>4</th>\n",
       "      <td>0.594595</td>\n",
       "      <td>1</td>\n",
       "      <td>1</td>\n",
       "      <td>1</td>\n",
       "      <td>1</td>\n",
       "      <td>1</td>\n",
       "      <td>1</td>\n",
       "      <td>0</td>\n",
       "      <td>1</td>\n",
       "      <td>1</td>\n",
       "      <td>1</td>\n",
       "      <td>1</td>\n",
       "      <td>1</td>\n",
       "      <td>1</td>\n",
       "      <td>1</td>\n",
       "      <td>1</td>\n",
       "      <td>1</td>\n",
       "    </tr>\n",
       "  </tbody>\n",
       "</table>\n",
       "</div>"
      ],
      "text/plain": [
       "        Age  Gender  Polyuria  Polydipsia  sudden weight loss  weakness  \\\n",
       "0  0.324324       1         0           1                   0         1   \n",
       "1  0.567568       1         0           0                   0         1   \n",
       "2  0.337838       1         1           0                   0         1   \n",
       "3  0.391892       1         0           0                   1         1   \n",
       "4  0.594595       1         1           1                   1         1   \n",
       "\n",
       "   Polyphagia  Genital thrush  visual blurring  Itching  Irritability  \\\n",
       "0           0               0                0        1             0   \n",
       "1           0               0                1        0             0   \n",
       "2           1               0                0        1             0   \n",
       "3           1               1                0        1             0   \n",
       "4           1               0                1        1             1   \n",
       "\n",
       "   delayed healing  partial paresis  muscle stiffness  Alopecia  Obesity  \\\n",
       "0                1                0                 1         1        1   \n",
       "1                0                1                 0         1        0   \n",
       "2                1                0                 1         1        0   \n",
       "3                1                0                 0         0        0   \n",
       "4                1                1                 1         1        1   \n",
       "\n",
       "   class  \n",
       "0      1  \n",
       "1      1  \n",
       "2      1  \n",
       "3      1  \n",
       "4      1  "
      ]
     },
     "execution_count": 19,
     "metadata": {},
     "output_type": "execute_result"
    }
   ],
   "source": [
    "#final dataframe after label encoding and scaling.\n",
    "data.head()"
   ]
  },
  {
   "cell_type": "code",
   "execution_count": 20,
   "metadata": {
    "colab": {},
    "colab_type": "code",
    "id": "0Uc-BEzqf_K-"
   },
   "outputs": [],
   "source": [
    "# Define your X and y\n",
    "X = data.drop('class', axis = 1).values\n",
    "y = data['class'].values"
   ]
  },
  {
   "cell_type": "code",
   "execution_count": 21,
   "metadata": {},
   "outputs": [
    {
     "name": "stdout",
     "output_type": "stream",
     "text": [
      "Shape of X :  (520, 16)\n",
      "Type of X :  <class 'numpy.ndarray'>\n",
      "Shape of y :  (520,)\n",
      "Type of y :  <class 'numpy.ndarray'>\n"
     ]
    }
   ],
   "source": [
    "print(\"Shape of X : \", X.shape)\n",
    "print(\"Type of X : \", type(X))\n",
    "print(\"Shape of y : \", y.shape)\n",
    "print(\"Type of y : \", type(y))"
   ]
  },
  {
   "cell_type": "code",
   "execution_count": 22,
   "metadata": {
    "colab": {},
    "colab_type": "code",
    "id": "DIiMrIaajX-Q"
   },
   "outputs": [],
   "source": [
    "# Split the dataset into training and testing here\n",
    "X_train, X_test, y_train, y_test = train_test_split(X, y, test_size = 0.40)"
   ]
  },
  {
   "cell_type": "code",
   "execution_count": 23,
   "metadata": {},
   "outputs": [
    {
     "name": "stdout",
     "output_type": "stream",
     "text": [
      "shape of X_train :  (312, 16)\n",
      "Shape of y_train :  (312,)\n",
      "Shape of X_test :  (208, 16)\n",
      "Shape of y_test :  (208,)\n"
     ]
    }
   ],
   "source": [
    "print(\"shape of X_train : \", X_train.shape)\n",
    "print(\"Shape of y_train : \", y_train.shape)\n",
    "print(\"Shape of X_test : \", X_test.shape)\n",
    "print(\"Shape of y_test : \", y_test.shape)"
   ]
  },
  {
   "cell_type": "code",
   "execution_count": 24,
   "metadata": {},
   "outputs": [],
   "source": [
    "def predict(X, weights):\n",
    "    '''Predict class for X.\n",
    "    For the given dataset, predicted vector has only values 0/1\n",
    "    Args:\n",
    "        X : Numpy array (num_samples, num_features)\n",
    "        weights : Model weights for logistic regression\n",
    "    Returns:\n",
    "        Binary predictions : (num_samples,)\n",
    "    '''\n",
    "\n",
    "    ### START CODE HERE ###\n",
    "    z = np.dot(X, weights)\n",
    "    logits = sigmoid(z)\n",
    "    y_pred = logits.round()\n",
    "    ### END CODE HERE ###\n",
    "    \n",
    "    return y_pred"
   ]
  },
  {
   "cell_type": "code",
   "execution_count": 25,
   "metadata": {},
   "outputs": [],
   "source": [
    "def sigmoid(z):\n",
    "        '''Sigmoid function: f:R->(0,1)\n",
    "        Args:\n",
    "            z : A numpy array (num_samples,)\n",
    "        Returns:\n",
    "            A numpy array where sigmoid function applied to every element\n",
    "        '''\n",
    "        ### START CODE HERE\n",
    "        sig_z = 1 / (1 + np.exp(-z))\n",
    "        ### END CODE HERE\n",
    "        \n",
    "        assert (z.shape==sig_z.shape), 'Error in sigmoid implementation. Check carefully'\n",
    "        return sig_z"
   ]
  },
  {
   "cell_type": "code",
   "execution_count": 26,
   "metadata": {},
   "outputs": [],
   "source": [
    "def cross_entropy_loss(y_true, y_pred):\n",
    "    '''Calculate cross entropy loss\n",
    "    Note: Cross entropy is defined for multiple classes/labels as well\n",
    "    but for this dataset we only need binary cross entropy loss\n",
    "    Args:\n",
    "        y_true : Numpy array of true values (0/1) of size (num_samples,)\n",
    "        y_pred : Numpy array of predicted values (probabilites) of size (num_samples,)\n",
    "    Returns:\n",
    "        Cross entropy loss: A scalar value\n",
    "    '''\n",
    "    # Fix 0 values in y_pred\n",
    "    y_pred = np.maximum(np.full(y_pred.shape, 1e-7), np.minimum(np.full(y_pred.shape, 1-1e-7), y_pred))\n",
    "    \n",
    "    ### START CODE HERE\n",
    "    ce_loss = np.mean(- y_true * np.log(y_pred) - (1 - y_true) * np.log(1 - y_pred))\n",
    "    ### END CODE HERE_\n",
    "    \n",
    "    return ce_loss"
   ]
  },
  {
   "cell_type": "code",
   "execution_count": 27,
   "metadata": {},
   "outputs": [],
   "source": [
    "def newton_optimization(X, y, max_iterations=25):\n",
    "    '''Implement netwon method for optimizing weights\n",
    "    Args:\n",
    "        X : Numpy array (num_samples, num_features)\n",
    "        max_iterations : Max iterations to update the weights\n",
    "    Returns:\n",
    "        Optimal weights (num_features,)\n",
    "    '''\n",
    "    num_samples = X.shape[0]\n",
    "    num_features = X.shape[1]\n",
    "    # Initialize random weights\n",
    "    weights = np.zeros(num_features,)\n",
    "    # Initialize losses\n",
    "    losses = []\n",
    "    \n",
    "    # Newton Method\n",
    "    for i in range(max_iterations):\n",
    "        # Predict/Calculate probabilties using sigmoid function\n",
    "        z = predict(X, weights)\n",
    "        y_pred = sigmoid(z)\n",
    "        \n",
    "        # Define gradient for J (cost function) i.e. cross entropy loss\n",
    "        gradient = (1 / num_samples) * np.dot(X.T, (y_pred - y))  \n",
    "        \n",
    "        # Define hessian matrix for cross entropy loss\n",
    "        hessian = (1 / num_samples) * X.T.dot(np.diag(y_pred * (1 - y_pred))).dot(X)\n",
    "        \n",
    "        # Update the model using hessian matrix and gradient computed\n",
    "        weights -= np.dot(np.linalg.pinv(hessian), gradient)\n",
    "        \n",
    "        # Calculate cross entropy loss\n",
    "        loss = cross_entropy_loss(y, y_pred)\n",
    "        # Append it\n",
    "        losses.append(loss)\n",
    "\n",
    "    return weights, losses"
   ]
  },
  {
   "cell_type": "code",
   "execution_count": 28,
   "metadata": {},
   "outputs": [],
   "source": [
    "# Train weights\n",
    "weights, losses = newton_optimization(X_train, y_train)"
   ]
  },
  {
